$ 0 5e-12 1.5642631884188172 50 5 50 5e-11
R 1136 -16 1136 -80 1 2 4400000000 2.5 2.5 0 0.5
R 1116 -16 1116 -80 1 2 2200000000 2.5 2.5 0 0.5
R 1096 -16 1096 -80 1 2 1100000000 2.5 2.5 0 0.5
R 1076 -16 1076 -80 1 2 550000000 2.5 2.5 0 0.5
R 1056 -16 1056 -80 1 2 275000000 2.5 2.5 0 0.5
R 1036 -16 1036 -80 1 2 137500000 2.5 2.5 0 0.5
R 1016 -16 1016 -80 1 2 68750000 2.5 2.5 0 0.5
R 996 -16 996 -80 1 2 34375000 2.5 2.5 0 0.5
R 976 -16 976 -80 1 2 17187500 2.5 2.5 0 0.5
R 956 -16 956 -80 1 2 8593750 2.5 2.5 0 0.5
R 936 -16 936 -80 1 2 4296875 2.5 2.5 0 0.5
R 916 -16 916 -80 1 2 2148437.5 2.5 2.5 0 0.5
R 896 -16 896 -80 1 2 1074218.75 2.5 2.5 0 0.5
R 876 -16 876 -80 1 2 537109.375 2.5 2.5 0 0.5
R 856 -16 856 -80 1 2 268554.6875 2.5 2.5 0 0.5
R 836 -16 836 -80 1 2 134277.3438 2.5 2.5 0 0.5
R 816 -16 816 -80 1 2 67138.67188 2.5 2.5 0 0.5
R 796 -16 796 -80 1 2 33569.33594 2.5 2.5 0 0.5
R 776 -16 776 -80 1 2 16784.66797 2.5 2.5 0 0.5
R 756 -16 756 -80 1 2 8392.333984 2.5 2.5 0 0.5
R 736 -16 736 -80 1 2 4196.166992 2.5 2.5 0 0.5
R 716 -16 716 -80 1 2 2098.083496 2.5 2.5 0 0.5
R 696 -16 696 -80 1 2 1049.041748 2.5 2.5 0 0.5
R 676 -16 676 -80 1 2 524.520874 2.5 2.5 0 0.5
R 656 -16 656 -80 1 2 262.260437 2.5 2.5 0 0.5
R 636 -16 636 -80 1 2 131.1302185 2.5 2.5 0 0.5
R 616 -16 616 -80 1 2 65.56510925 2.5 2.5 0 0.5
R 596 -16 596 -80 1 2 32.78255463 2.5 2.5 0 0.5
R 576 -16 576 -80 1 2 16.39127731 2.5 2.5 0 0.5
R 556 -16 556 -80 1 2 8.195638657 2.5 2.5 0 0.5
R 536 -16 536 -80 1 2 4.097819328 2.5 2.5 0 0.5
R 516 -16 516 -80 1 2 2.048909664 2.5 2.5 0 0.5
