$ 1 0.000005 4.621633621589249 50 5 50 5e-11
R 1024 368 1024 352 1 2 100 2.5 2.5 0 0.5
I 1024 368 1024 416 0 0.5 5
162 1024 416 1024 448 2 default-led 1 0 0 0.01
g 1024 448 1024 480 0 0
g 944 432 944 464 0 0
162 944 400 944 432 2 default-led 1 0 0 0.01
I 944 352 944 400 0 0.5 5
R 944 352 944 336 1 2 50 2.5 2.5 0 0.5
g 880 432 880 464 0 0
162 880 400 880 432 2 default-led 1 0 0 0.01
I 880 352 880 400 0 0.5 5
R 880 352 880 336 1 2 25 2.5 2.5 0 0.5
g 816 448 816 480 0 0
162 816 416 816 448 2 default-led 1 0 0 0.01
I 816 368 816 416 0 0.5 5
R 816 368 816 352 1 2 12.5 2.5 2.5 0 0.5
