$ 65 0.000005 3.3115451958692312 25 5 50 5e-11
162 1200 224 1200 272 2 default-led 1 0 0 0.02
g 1200 272 1200 288 0 0
I 1200 112 1200 160 0 0.5 5
s 1200 -16 1200 48 0 0 false
r 1200 48 1200 112 0 1000
R 1200 -16 1200 -80 1 2 100 2.5 2.5 0 0.5
r 1200 160 1200 224 0 157.5
r 1136 160 1136 224 0 157.5
R 1136 -16 1136 -80 1 2 50 2.5 2.5 0 0.5
r 1136 48 1136 112 0 1000
s 1136 -16 1136 48 0 0 false
I 1136 112 1136 160 0 0.5 5
g 1136 272 1136 288 0 0
162 1136 224 1136 272 2 default-led 1 0 0 0.02
162 1072 224 1072 272 2 default-led 1 0 0 0.02
g 1072 272 1072 288 0 0
I 1072 112 1072 160 0 0.5 5
s 1072 -16 1072 48 0 0 false
r 1072 48 1072 112 0 1000
R 1072 -16 1072 -80 1 2 25 2.5 2.5 0 0.5
r 1072 160 1072 224 0 157.5
162 1008 224 1008 272 2 default-led 1 0 0 0.02
g 1008 272 1008 288 0 0
I 1008 112 1008 160 0 0.5 5
s 1008 -16 1008 48 0 0 false
r 1008 48 1008 112 0 1000
R 1008 -16 1008 -80 1 2 12.5 2.5 2.5 0 0.5
r 1008 160 1008 224 0 157.5
